===== Filter Size: 100
===== L2 Norm: 0.1
===== Drop Out: 0.75


./runs/100d_multimul_pan12_probA/1475008466/checkpoints/model-250
Test for prob: A
Total number of test examples: 2130
ACC	0.486854460094
MSE	0.883568075117
Confusion matrix 
[[648 355 122]
 [352 334  48]
 [141  75  55]]
Normalized confusion matrix
[[ 0.58  0.32  0.11]
 [ 0.48  0.46  0.07]
 [ 0.52  0.28  0.2 ]]
File:0
[208 178  32]   pred: 0   true: 1
File:1
[433 206  75]   pred: 0   true: 0
File:2
[215 148  46]   pred: 0   true: 0
File:3
[37 19 12]   pred: 0   true: 2
File:4
[102  56  43]   pred: 0   true: 2
File:5
[143 156  15]   pred: 1   true: 1

Document ACC
Doc ACC: 3
Doc ACC: 0.5 (norm)
precision recall fscore support
class 0: (0.46666666666666662, 0.5, 0.41269841269841273, None)
class 1: (0.46666666666666662, 0.5, 0.41269841269841273, None)
class 2: (0.46666666666666662, 0.5, 0.41269841269841273, None)
avg : (0.46666666666666662, 0.5, 0.41269841269841273, None)


./runs/100d_multimul_pan12_probA/1475008466/checkpoints/model-500
Test for prob: A
Total number of test examples: 2130
ACC	0.510798122066
MSE	0.873708920188
Confusion matrix 
[[714 305 106]
 [374 320  40]
 [167  50  54]]
Normalized confusion matrix
[[ 0.63  0.27  0.09]
 [ 0.51  0.44  0.05]
 [ 0.62  0.18  0.2 ]]
File:0
[226 169  23]   pred: 0   true: 1
File:1
[475 167  72]   pred: 0   true: 0
File:2
[239 137  33]   pred: 0   true: 0
File:3
[41 14 13]   pred: 0   true: 2
File:4
[124  36  41]   pred: 0   true: 2
File:5
[147 151  16]   pred: 1   true: 1

Document ACC
Doc ACC: 3
Doc ACC: 0.5 (norm)
precision recall fscore support
class 0: (0.46666666666666662, 0.5, 0.41269841269841273, None)
class 1: (0.46666666666666662, 0.5, 0.41269841269841273, None)
class 2: (0.46666666666666662, 0.5, 0.41269841269841273, None)
avg : (0.46666666666666662, 0.5, 0.41269841269841273, None)


./runs/100d_multimul_pan12_probA/1475008466/checkpoints/model-750
Test for prob: A
Total number of test examples: 2130
ACC	0.534272300469
MSE	0.826291079812
Confusion matrix 
[[704 323  98]
 [316 382  36]
 [158  61  52]]
Normalized confusion matrix
[[ 0.63  0.29  0.09]
 [ 0.43  0.52  0.05]
 [ 0.58  0.23  0.19]]
File:0
[189 209  20]   pred: 1   true: 1
File:1
[466 184  64]   pred: 0   true: 0
File:2
[238 138  33]   pred: 0   true: 0
File:3
[39 18 11]   pred: 0   true: 2
File:4
[117  43  41]   pred: 0   true: 2
File:5
[126 173  15]   pred: 1   true: 1

Document ACC
Doc ACC: 4
Doc ACC: 0.666666666667 (norm)
precision recall fscore support
class 0: (0.5, 0.66666666666666663, 0.55555555555555547, None)
class 1: (0.5, 0.66666666666666663, 0.55555555555555547, None)
class 2: (0.5, 0.66666666666666663, 0.55555555555555547, None)
avg : (0.5, 0.66666666666666663, 0.55555555555555547, None)


./runs/100d_multimul_pan12_probA/1475008466/checkpoints/model-1000
Test for prob: A
Total number of test examples: 2130
ACC	0.523943661972
MSE	0.843661971831
Confusion matrix 
[[673 333 119]
 [315 377  42]
 [142  63  66]]
Normalized confusion matrix
[[ 0.6   0.3   0.11]
 [ 0.43  0.51  0.06]
 [ 0.52  0.23  0.24]]
File:0
[189 204  25]   pred: 1   true: 1
File:1
[451 184  79]   pred: 0   true: 0
File:2
[222 148  39]   pred: 0   true: 0
File:3
[37 16 15]   pred: 0   true: 2
File:4
[103  47  51]   pred: 0   true: 2
File:5
[125 173  16]   pred: 1   true: 1

Document ACC
Doc ACC: 4
Doc ACC: 0.666666666667 (norm)
precision recall fscore support
class 0: (0.5, 0.66666666666666663, 0.55555555555555547, None)
class 1: (0.5, 0.66666666666666663, 0.55555555555555547, None)
class 2: (0.5, 0.66666666666666663, 0.55555555555555547, None)
avg : (0.5, 0.66666666666666663, 0.55555555555555547, None)


===== Filter Size: 100
===== L2 Norm: 0.2
===== Drop Out: 0.75


./runs/100d_multimul_pan12_probA/1475018457/checkpoints/model-250
Test for prob: A
Total number of test examples: 2130
ACC	0.484976525822
MSE	0.862910798122
Confusion matrix 
[[564 426 135]
 [258 409  67]
 [112  99  60]]
Normalized confusion matrix
[[ 0.5   0.38  0.12]
 [ 0.35  0.56  0.09]
 [ 0.41  0.37  0.22]]
File:0
[156 221  41]   pred: 1   true: 1
File:1
[385 243  86]   pred: 0   true: 0
File:2
[178 182  49]   pred: 1   true: 0
File:3
[29 26 13]   pred: 0   true: 2
File:4
[81 73 47]   pred: 0   true: 2
File:5
[101 188  25]   pred: 1   true: 1

Document ACC
Doc ACC: 3
Doc ACC: 0.5 (norm)
precision recall fscore support
class 0: (0.33333333333333331, 0.5, 0.40000000000000008, None)
class 1: (0.33333333333333331, 0.5, 0.40000000000000008, None)
class 2: (0.33333333333333331, 0.5, 0.40000000000000008, None)
avg : (0.33333333333333331, 0.5, 0.40000000000000008, None)


./runs/100d_multimul_pan12_probA/1475018457/checkpoints/model-500
Test for prob: A
Total number of test examples: 2130
ACC	0.523474178404
MSE	0.838497652582
Confusion matrix 
[[650 344 131]
 [280 401  53]
 [126  81  64]]
Normalized confusion matrix
[[ 0.58  0.31  0.12]
 [ 0.38  0.55  0.07]
 [ 0.46  0.3   0.24]]
File:0
[167 220  31]   pred: 1   true: 1
File:1
[441 188  85]   pred: 0   true: 0
File:2
[208 155  46]   pred: 0   true: 0
File:3
[38 21  9]   pred: 0   true: 2
File:4
[87 60 54]   pred: 0   true: 2
File:5
[112 181  21]   pred: 1   true: 1

Document ACC
Doc ACC: 4
Doc ACC: 0.666666666667 (norm)
precision recall fscore support
class 0: (0.5, 0.66666666666666663, 0.55555555555555547, None)
class 1: (0.5, 0.66666666666666663, 0.55555555555555547, None)
class 2: (0.5, 0.66666666666666663, 0.55555555555555547, None)
avg : (0.5, 0.66666666666666663, 0.55555555555555547, None)


./runs/100d_multimul_pan12_probA/1475018457/checkpoints/model-750
Test for prob: A
Total number of test examples: 2130
ACC	0.524882629108
MSE	0.818779342723
Confusion matrix 
[[609 391 125]
 [246 445  43]
 [119  88  64]]
Normalized confusion matrix
[[ 0.54  0.35  0.11]
 [ 0.34  0.61  0.06]
 [ 0.44  0.32  0.24]]
File:0
[146 249  23]   pred: 1   true: 1
File:1
[424 210  80]   pred: 0   true: 0
File:2
[184 180  45]   pred: 0   true: 0
File:3
[36 20 12]   pred: 0   true: 2
File:4
[82 68 51]   pred: 0   true: 2
File:5
[ 99 196  19]   pred: 1   true: 1

Document ACC
Doc ACC: 4
Doc ACC: 0.666666666667 (norm)
precision recall fscore support
class 0: (0.5, 0.66666666666666663, 0.55555555555555547, None)
class 1: (0.5, 0.66666666666666663, 0.55555555555555547, None)
class 2: (0.5, 0.66666666666666663, 0.55555555555555547, None)
avg : (0.5, 0.66666666666666663, 0.55555555555555547, None)


./runs/100d_multimul_pan12_probA/1475018457/checkpoints/model-1000
Test for prob: A
Total number of test examples: 2130
ACC	0.531455399061
MSE	0.823474178404
Confusion matrix 
[[619 370 136]
 [236 440  58]
 [116  82  73]]
Normalized confusion matrix
[[ 0.55  0.33  0.12]
 [ 0.32  0.6   0.08]
 [ 0.43  0.3   0.27]]
File:0
[142 242  34]   pred: 1   true: 1
File:1
[430 196  88]   pred: 0   true: 0
File:2
[188 173  48]   pred: 0   true: 0
File:3
[33 20 15]   pred: 0   true: 2
File:4
[82 62 57]   pred: 0   true: 2
File:5
[ 93 198  23]   pred: 1   true: 1

Document ACC
Doc ACC: 4
Doc ACC: 0.666666666667 (norm)
precision recall fscore support
class 0: (0.5, 0.66666666666666663, 0.55555555555555547, None)
class 1: (0.5, 0.66666666666666663, 0.55555555555555547, None)
class 2: (0.5, 0.66666666666666663, 0.55555555555555547, None)
avg : (0.5, 0.66666666666666663, 0.55555555555555547, None)


./runs/100d_multimul_pan12_probA/1475008466/checkpoints/model-250
